# Duck SH deformation coefficients epsilon_lm
# R(theta,phi) = R_0 [1 + sum epsilon_lm Y_lm(theta,phi)]
# R_0 = 0.2937620957
# R_eq = 0.4359705304
# ell  m  epsilon_real  epsilon_imag
   1   -1  -6.273383998814e-04  -6.243833123852e-02
   1    0  +2.027182372167e+00  +0.000000000000e+00
   1    1  +6.273383998814e-04  -6.243833123852e-02
   2   -2  -2.525628331210e-01  +1.626231084529e-03
   2   -1  +3.906521543640e-03  +5.264844791024e-01
   2    0  -2.727132239417e+00  +0.000000000000e+00
   2    1  -3.906521543640e-03  +5.264844791024e-01
   2    2  -2.525628331210e-01  -1.626231084529e-03
   3   -3  -5.903714339593e-04  +1.557767058796e-01
   3   -2  -6.100557384397e-02  -3.086604155742e-04
   3   -1  -7.864801156031e-04  -8.973342152344e-02
   3    0  +3.535817065019e+00  +0.000000000000e+00
   3    1  +7.864801156031e-04  -8.973342152344e-02
   3    2  -6.100557384397e-02  +3.086604155742e-04
   3    3  +5.903714339593e-04  +1.557767058796e-01
   4   -4  +5.090068108139e-02  -8.404069015423e-04
   4   -3  -1.873923569250e-04  +4.484390063287e-02
   4   -2  -1.738373662448e-01  +2.456267667751e-03
   4   -1  +5.709067098932e-03  +6.329648350369e-01
   4    0  -2.250580688444e+00  +0.000000000000e+00
   4    1  -5.709067098932e-03  +6.329648350369e-01
   4    2  -1.738373662448e-01  -2.456267667751e-03
   4    3  +1.873923569250e-04  +4.484390063287e-02
   4    4  +5.090068108139e-02  +8.404069015423e-04
   5   -5  +7.298224548593e-04  -2.939127641170e-02
   5   -4  +7.451850824912e-02  +3.125262121151e-04
   5   -3  +4.804196703853e-04  -3.223316095966e-02
   5   -2  +2.325059873923e-01  -1.539338825140e-03
   5   -1  -2.724663909991e-03  -4.058300049266e-01
   5    0  +2.145194265619e+00  +0.000000000000e+00
   5    1  +2.724663909991e-03  -4.058300049266e-01
   5    2  +2.325059873923e-01  +1.539338825140e-03
   5    3  -4.804196703853e-04  -3.223316095966e-02
   5    4  +7.451850824912e-02  -3.125262121151e-04
   5    5  -7.298224548593e-04  -2.939127641170e-02
   6   -6  -2.895519890624e-02  +6.203109503122e-04
   6   -5  -2.562548818943e-04  -3.598487942645e-02
   6   -4  +1.725728527069e-02  +3.117776752006e-04
   6   -3  -1.109056877442e-03  -5.456158281037e-02
   6   -2  -1.779924558085e-01  +2.354194475347e-03
   6   -1  +3.604914891901e-03  +3.488360290068e-01
   6    0  -1.487638302416e+00  +0.000000000000e+00
   6    1  -3.604914891901e-03  +3.488360290068e-01
   6    2  -1.779924558085e-01  -2.354194475347e-03
   6    3  +1.109056877442e-03  -5.456158281037e-02
   6    4  +1.725728527069e-02  -3.117776752006e-04
   6    5  +2.562548818943e-04  -3.598487942645e-02
   6    6  -2.895519890624e-02  -6.203109503122e-04
   7   -7  -5.048364244754e-04  +1.854130071743e-03
   7   -6  -3.700716710736e-02  -2.446527713606e-04
   7   -5  -3.839218554222e-05  -2.313214490694e-02
   7   -4  -2.329681933665e-02  -8.148098549269e-05
   7   -3  +1.072670006123e-03  +8.898991346389e-03
   7   -2  +2.523338362192e-01  -3.547309531626e-03
   7   -1  -3.596785058619e-03  -4.497292900528e-01
   7    0  +1.021971897938e+00  +0.000000000000e+00
   7    1  +3.596785058619e-03  -4.497292900528e-01
   7    2  +2.523338362192e-01  +3.547309531626e-03
   7    3  -1.072670006123e-03  +8.898991346389e-03
   7    4  -2.329681933665e-02  +8.148098549269e-05
   7    5  +3.839218554222e-05  -2.313214490694e-02
   7    6  -3.700716710736e-02  +2.446527713606e-04
   7    7  +5.048364244754e-04  +1.854130071743e-03
   8   -8  +7.429044896883e-03  -5.950869076749e-04
   8   -7  +1.157664879701e-04  +1.883637085644e-02
   8   -6  -5.460218396783e-02  -4.735690329959e-05
   8   -5  +3.017102714286e-04  +5.634028068224e-03
   8   -4  -1.949867729337e-03  +3.263291327269e-04
   8   -3  -2.660969353600e-04  +3.273685227083e-02
   8   -2  -1.312889374584e-01  +9.800040194753e-04
   8   -1  +1.870792353251e-03  +1.633416455628e-01
   8    0  -5.837308536632e-01  +0.000000000000e+00
   8    1  -1.870792353251e-03  +1.633416455628e-01
   8    2  -1.312889374584e-01  -9.800040194753e-04
   8    3  +2.660969353600e-04  +3.273685227083e-02
   8    4  -1.949867729337e-03  -3.263291327269e-04
   8    5  -3.017102714286e-04  +5.634028068224e-03
   8    6  -5.460218396783e-02  +4.735690329959e-05
   8    7  -1.157664879701e-04  +1.883637085644e-02
   8    8  +7.429044896883e-03  +5.950869076749e-04
   9   -9  +5.732288562055e-04  -1.573779877432e-03
   9   -8  +1.604334721538e-02  -1.095892118561e-04
   9   -7  -1.701223355362e-04  +2.275892284029e-02
   9   -6  -3.184287189393e-02  -2.880048505113e-04
   9   -5  +2.840400870635e-04  +9.657362378221e-03
   9   -4  -8.695211401475e-03  +3.201198744545e-04
   9   -3  +1.055963386691e-03  +3.619125871684e-02
   9   -2  +1.591787566421e-01  -1.817640039773e-03
   9   -1  -1.552019376740e-03  -1.444529884779e-01
   9    0  +2.864103389781e-01  +0.000000000000e+00
   9    1  +1.552019376740e-03  -1.444529884779e-01
   9    2  +1.591787566421e-01  +1.817640039773e-03
   9    3  -1.055963386691e-03  +3.619125871684e-02
   9    4  -8.695211401475e-03  -3.201198744545e-04
   9    5  -2.840400870635e-04  +9.657362378221e-03
   9    6  -3.184287189393e-02  +2.880048505113e-04
   9    7  +1.701223355362e-04  +2.275892284029e-02
   9    8  +1.604334721538e-02  +1.095892118561e-04
   9    9  -5.732288562055e-04  -1.573779877432e-03
  10  -10  +6.493504146270e-03  +3.132326133165e-04
  10   -9  -1.357226716897e-04  -1.801745851494e-03
  10   -8  +1.534219707831e-02  -7.523123159096e-04
  10   -7  +2.169780505116e-04  +7.672000952628e-03
  10   -6  -7.574487330160e-03  +1.305350161959e-04
  10   -5  +5.034020004032e-04  +1.745630177649e-02
  10   -4  -7.862580628194e-03  +4.638367563095e-04
  10   -3  -9.506820603387e-04  -2.061576920882e-03
  10   -2  -9.558059861911e-02  +1.009117409924e-03
  10   -1  +1.169548045471e-03  +9.952203040004e-02
  10    0  -1.344075003927e-01  +0.000000000000e+00
  10    1  -1.169548045471e-03  +9.952203040004e-02
  10    2  -9.558059861911e-02  -1.009117409924e-03
  10    3  +9.506820603387e-04  -2.061576920882e-03
  10    4  -7.862580628194e-03  -4.638367563095e-04
  10    5  -5.034020004032e-04  +1.745630177649e-02
  10    6  -7.574487330160e-03  -1.305350161959e-04
  10    7  -2.169780505116e-04  +7.672000952628e-03
  10    8  +1.534219707831e-02  +7.523123159096e-04
  10    9  +1.357226716897e-04  -1.801745851494e-03
  10   10  +6.493504146270e-03  -3.132326133165e-04
